# name-stuff family names
# format: name|frequency|tags
#
Bùi|11|11|11
Dương|10|10|10
Hoa|8|8|8
Huỳnh/Hoàng|12|12|12
Hà|8|8|8
Hồ|10|10|10
Khúc|7|7|7
Kim|7|7|7
Lâm|8|8|8
Lê|13|13|13
Lý|10|10|10
Lưu|6|6|6
Lương|6|6|6
Mai|8|8|8
Mạc|7|7|7
Nguyễn|13|13|13
Ngô|10|10|10
Ngọ|7|7|7
Phan|11|11|11
Phí|10|10|10
Phùng|8|8|8
Phạm|12|12|12
Quách|7|7|7
Thái|6|6|6
Thân|8|8|8
Thường|7|7|7
Thạch|6|6|6
Tiêu|7|7|7
Triệu|7|7|7
Trác|8|8|8
Trương|9|9|9
Trần|13|13|13
Trịnh|9|9|9
Tô|8|8|8
Tạ|8|8|8
Tống|8|8|8
Từ|7|7|7
Vũ/Võ|11|11|11
Vương|9|9|9
Đoàn|9|9|9
Đàm|7|7|7
Đào|9|9|9
Đặng|11|11|11
Đỗ|11|11|11
