# name-stuff family names
# format: name|frequency|tags
#
Lê|13|13|13
Nguyễn|13|13|13
Trần|13|13|13
Huỳnh/Hoàng|12|12|12
Phạm|12|12|12
Bùi|11|11|11
Phan|11|11|11
Vũ/Võ|11|11|11
Đặng|11|11|11
Đỗ|11|11|11
Dương|10|10|10
Hồ|10|10|10
Lý|10|10|10
Ngô|10|10|10
Phí|10|10|10
Trương|9|9|9
Trịnh|9|9|9
Vương|9|9|9
Đoàn|9|9|9
Đào|9|9|9
Hoa|8|8|8
Hà|8|8|8
Lâm|8|8|8
Mai|8|8|8
Phùng|8|8|8
Thân|8|8|8
Trác|8|8|8
Tô|8|8|8
Tạ|8|8|8
Tống|8|8|8
Khúc|7|7|7
Kim|7|7|7
Mạc|7|7|7
Ngọ|7|7|7
Quách|7|7|7
Thường|7|7|7
Tiêu|7|7|7
Triệu|7|7|7
Từ|7|7|7
Đàm|7|7|7
Lưu|6|6|6
Lương|6|6|6
Thái|6|6|6
Thạch|6|6|6
